0,273
0,270
79,42
79,41
79,40
79,39
79,38
79,37
79,36
79,35
10,135
10,27
10,89
10,75
10,313
10,71
10,215
9,5
9,2
8,7
8,5
8,8
8,18
8,2
8,3
14,3
13,1
13,3
2,2
2,1
2,3
56,5
56,4
56,3
56,1
41,3
41,1
35,5
35,4
35,3
35,2
35,1
32,4
32,3
32,1
29,3
29,1
26,4
26,3
26,1
21,3
21,2
21,1
21,0
20,3
20,2
20,1
19,3
19,2
19,1
18,3
18,1
14,1
12,3
12,2
12,1
11,29
11,28
11,27
11,26
11,25
11,24
11,23
11,22
11,21
11,20
11,19
11,18
11,17
11,16
11,15
11,14
11,13
11,12
11,11
11,10
11,9
11,8
11,7
11,6
11,5
11,4
11,3
11,2
11,1
10,312
10,311
10,310
10,309
10,308
10,307
10,305
10,303
10,300
10,299
10,297
10,296
10,293
10,292
10,288
